9.32	   
7.56	   
6.06	   
4.98	   
4.45	   
4.56	   
5.42	   
7.05	   
9.31	   
11.93	   
14.62	   
17.23	   
19.77	   
22.24	   
24.61	   
26.79	   
28.66	   
30.12	   
31.07	   
31.40	   
31.05	   
30.05	   
28.49	   
26.49	   
24.17	   
21.65	   
19.06	   
16.50	   
14.05	   
11.75	   
9.61	   
7.67	   
6.00	   
4.68	   
3.76	   
3.25	   
3.08	   
3.17	   
3.42	   
3.67	   
3.78	   
3.70	   
3.49	   
3.39	   
3.71	   
4.72	   
6.49	   
8.88	   
11.62	   
14.45	   
17.25	   
19.97	   
22.60	   
25.07	   
27.29	   
29.13	   
30.49	   
31.30	   
31.53	   
31.16	   
30.21	   
28.68	   
26.64	   
24.19	   
21.46	   
18.59	   
15.66	   
12.81	   
10.17	   
7.95	   
6.32	   
5.31	   
4.79	   
4.54	   
4.32	   
4.03	   
3.69	   
3.50	   
3.70	   
4.54	   
6.07	   
8.15	   
10.56	   
13.06	   
15.53	   
17.92	   
20.24	   
22.45	   
24.46	   
26.17	   
27.50	   
28.34	   
28.64	   
28.36	   
27.51	   
26.10	   
24.23	   
21.98	   
19.45	   
16.77	   
14.05	   
11.42	   
9.03	   
7.05	   
5.62	   
4.76	   
4.34	   
4.17	   
4.03	   
3.80	   
3.50	   
3.28	   
3.41	   
4.17	   
5.66	   
7.78	   
10.25	   
12.83	   
15.37	   
17.88	   
20.32	   
22.65	   
24.74	   
26.48	   
27.78	   
28.61	   
28.92	   
28.68	   
27.87	   
26.52	   
24.66	   
22.40	   
19.88	   
17.21	   
14.53	   
11.95	   
9.59	   
7.58	   
6.05	   
5.05	   
4.53	   
4.33	   
4.25	   
4.10	   
3.83	   
3.58	   
3.63	   
4.28	   
5.66	   
7.71	   
10.18	   
12.80	   
15.40	   
17.88	   
20.23	   
22.45	   
24.49	   
26.29	   
27.74	   
28.75	   
29.23	   
29.12	   
28.42	   
27.13	   
25.34	   
23.14	   
20.66	   
18.01	   
15.32	   
12.69	   
10.26	   
8.18	   
6.57	   
5.49	   
4.87	   
4.57	   
4.39	   
4.18	   
3.88	   
3.63	   
3.65	   
4.24	   
5.56	   
7.56	   
10.00	   
12.58	   
15.13	   
17.60	   
20.02	   
22.37	   
24.54	   
26.43	   
27.91	   
28.94	   
29.45	   
29.42	   
28.78	   
27.54	   
25.76	   
23.56	   
21.06	   
18.37	   
15.61	   
12.89	   
10.37	   
8.22	   
6.56	   
5.43	   
4.76	   
4.41	   
4.21	   
4.00	   
3.75	   
3.54	   
3.58	   
4.14	   
5.41	   
7.37	   
9.83	   
12.50	   
15.15	   
17.68	   
20.07	   
22.35	   
24.51	   
26.43	   
27.99	   
29.08	   
29.60	   
29.51	   
28.81	   
27.56	   
25.83	   
23.70	   
21.26	   
18.61	   
15.85	   
13.13	   
10.59	   
8.40	   
6.70	   
5.57	   
4.93	   
4.65	   
4.49	   
4.30	   
4.01	   
3.74	   
3.70	   
4.17	   
5.31	   
7.14	   
9.46	   
12.03	   
14.64	   
17.19	   
19.69	   
22.11	   
24.36	   
26.28	   
27.76	   
28.74	   
29.31	   
29.54	   
29.43	   
28.79	   
27.39	   
25.12	   
22.22	   
19.09	   
16.08	   
13.34	   
10.87	   
8.70	   
6.90	   
5.58	   
4.76	   
4.35	   
4.17	   
4.02	   
3.77	   
3.47	   
3.33	   
3.67	   
4.73	   
6.54	   
8.92	   
11.58	   
14.26	   
16.84	   
19.31	   
21.66	   
23.86	   
25.82	   
27.43	   
28.60	   
29.26	   
29.37	   
28.89	   
27.82	   
26.20	   
24.10	   
21.63	   
18.93	   
16.11	 
