27.14
25.99
24.65
23.06
21.30
19.55
17.96
16.67
15.72
15.14
14.89
14.85
14.84
14.73
14.55
14.57
15.15
16.55
18.67
21.11
23.33
25.01
26.10
26.76
27.16
27.33
27.25
26.87
26.18
25.21
24.00
22.61
21.06
19.46
17.92
16.60
15.58
14.89
14.46
14.18
13.98
13.82
13.76
13.85
14.09
14.39
14.60
14.55
14.28
14.05
14.34
15.52
17.63
20.29
22.93
25.09
26.64
27.67
28.36
28.78
28.92
28.77
28.31
27.56
26.51
25.18
23.61
21.87
20.10
18.45
17.05
15.98
15.26
14.89
14.77
14.76
14.72
14.61
14.62
15.08
16.30
18.27
20.64
22.92
24.71
25.93
26.69
27.15
27.38
27.36
27.06
26.46
25.58
24.41
23.00
21.39
19.74
18.18
16.86
15.86
15.13
14.57
14.07
13.68
13.60
14.15
15.53
17.66
20.15
22.52
24.43
25.79
26.66
27.17
27.39
27.33
26.99
26.36
25.45
24.30
22.90
21.30
19.60
17.96
16.52
15.40
14.63
14.13
13.81
13.59
13.42
13.28
13.17
13.12
13.14
13.25
13.46
13.70
13.85
13.81
13.67
13.74
14.46
16.14
18.67
21.56
24.22
26.27
27.67
28.59
29.21
29.56
29.57
29.20
28.47
27.47
26.23
24.75
23.03
21.13
19.23
17.52
16.15
15.15
14.46
14.00
13.65
13.38
13.21
13.21
13.42
13.78
14.11
14.21
14.04
13.78
13.84
14.64
16.34
18.73
21.33
23.62
25.31
26.42
27.12
27.58
27.84
27.85
27.54
26.88
25.88
24.59
23.10
21.46
19.80
18.22
16.86
15.80
15.09
14.73
14.60
14.56
14.47
14.29
14.21
14.54
15.57
17.36
19.62
21.89
23.77
25.09
25.93
26.44
26.72
26.77
26.56
26.05
25.26
24.19
22.89
21.40
19.81
18.24
16.85
15.75
14.96
14.43
14.07
13.79
13.57
13.42
13.42
13.62
13.97
14.33
14.48
14.34
14.06
14.04
14.72
16.34
18.73
21.37
23.71
25.45
26.62
27.40
27.96
28.30
28.36
28.08
27.44
26.50
25.30
23.89
22.31
20.63
18.98
17.47
16.27
15.45
15.01
14.85
14.79
14.69
14.51
14.43
14.75
15.79
17.59
19.88
22.19
24.10
25.45
26.30
26.81
27.06
27.07
26.81
26.27
25.47
24.40
23.09
21.59
19.99
18.44
17.07
15.95
15.13
14.58
14.23
14.02
13.91
13.85
13.84
13.87
14.01
14.39
15.20
16.55
18.40
20.56
22.80
25.03
